0.5612    0.2518    0.1788    0.1056    0.6718    0.3225    0.5762    0.6620    0.7210    0.5254    0.3947    0.7904    0.3185    0.0005    0.7298    0.4896    0.2085    0.9844   0.4460
0.8819    0.2904    0.4229    0.6110    0.6951    0.7847    0.6834    0.4162    0.5225    0.5303    0.6834    0.9493    0.5341    0.8654    0.8908    0.1925    0.5650    0.8589   0.0542
0.6692    0.6171    0.0942    0.7788    0.0680    0.4714    0.5466    0.8419    0.9937    0.8611    0.7040    0.3276    0.0900    0.6126    0.9823    0.1231    0.6403    0.7856   0.1771
0.1904    0.2653    0.5985    0.4235    0.2548    0.0358    0.4257    0.8329    0.2187    0.4849    0.4423    0.6713    0.1117    0.9900    0.7690    0.2055    0.4170    0.5134   0.6628
0.3689    0.8244    0.4709    0.0908    0.2240    0.1759    0.6444    0.2564    0.1058    0.3935    0.0196    0.4386    0.1363    0.5277    0.5814    0.1465    0.2060    0.1776   0.3308 
0.4607    0.9827    0.6959    0.2665    0.6678    0.7218    0.6476    0.6135    0.1097    0.6714    0.3309    0.8335    0.6787    0.4795    0.9283    0.1891    0.9479    0.3986   0.8985
0.9816    0.7302    0.6999    0.1537    0.8444    0.4735    0.6790    0.5822    0.0636    0.7413    0.4243    0.7689    0.4952    0.8013    0.5801    0.0427    0.0821    0.1339   0.1182
0.1564    0.3439    0.6385    0.2810    0.3445    0.1527    0.6358    0.5407    0.4046    0.5201    0.2703    0.1673    0.1897    0.2278    0.0170    0.6352    0.1057    0.0309   0.9884
0.8555    0.5841    0.0336    0.4401    0.7805    0.3411    0.9452    0.8699    0.4484    0.3477    0.1971    0.8620    0.4950    0.4981    0.1209    0.2819    0.1420    0.9391   0.5400
0.6448    0.1078    0.0688    0.5271    0.6753    0.6074    0.2089    0.2648    0.3658    0.1500    0.8217    0.9899    0.1476    0.9009    0.8627    0.5386    0.1665    0.3013   0.7069
0.3763    0.9063    0.3196    0.4574    0.0067    0.1917    0.7093    0.3181    0.7635    0.5861    0.4299    0.5144    0.0550    0.5747    0.4843    0.6952    0.6210    0.2955   0.9995
0.1909    0.8797    0.5309    0.8754    0.6022    0.7384    0.2362    0.1192    0.6279    0.2621    0.8878    0.8843    0.8507    0.8452    0.8449    0.4991    0.5737    0.3329   0.2878
0.4283    0.8178    0.6544    0.5181    0.3868    0.2428    0.1194    0.9398    0.7720    0.0445    0.3912    0.5880    0.5606    0.7386    0.2094    0.5358    0.0521    0.4671   0.4145
0.4820    0.2607    0.4076    0.9436    0.9160    0.9174    0.6073    0.6456    0.9329    0.7549    0.7691    0.1548    0.9296    0.5860    0.5523    0.4452    0.9312    0.6482   0.4648
0.1206    0.5944    0.8200    0.6377    0.0012    0.2691    0.4501    0.4795    0.9727    0.2428    0.3968    0.1999    0.6967    0.2467    0.6299    0.1239    0.7287    0.0252   0.7640
0.5895    0.0225    0.7184    0.9577    0.4624    0.7655    0.4587    0.6393    0.1920    0.4424    0.8085    0.4070    0.5828    0.6664    0.0320    0.4904    0.7378    0.8422   0.8182
0.2262    0.4253    0.9686    0.2407    0.4243    0.1887    0.6619    0.5447    0.1389    0.6878    0.7551    0.7487    0.8154    0.0835    0.6147    0.8530    0.0634    0.5590   0.1002
0.3846    0.3127    0.5313    0.6761    0.4609    0.2875    0.7703    0.6473    0.6963    0.3592    0.3774    0.8256    0.8790    0.6260    0.3624    0.8739    0.8604    0.8541   0.1781
0.5830    0.1615    0.3251    0.2891    0.7702    0.0911    0.3502    0.5439    0.0938    0.7363    0.2160    0.7900    0.9889    0.6609    0.0495    0.2703    0.9344    0.3479   0.3596
 